### Best fit curve
### independent variable   dependent variable
0.000000000000000000e+00 0.000000000000000000e+00
2.004008016032063962e-03 3.946204849751074224e-04
4.008016032064127925e-03 7.902291532453218541e-04
6.012024048096191453e-03 1.186829750133927769e-03
8.016032064128255849e-03 1.584426040143784888e-03
1.002004008016032024e-02 1.983021807082508206e-03
1.202404809619238291e-02 2.382620854188657964e-03
1.402805611222444730e-02 2.783227004258952662e-03
1.603206412825651170e-02 3.184844099776500039e-03
1.803607214428857436e-02 3.587476003040075603e-03
2.004008016032064049e-02 3.991126596294446334e-03
2.204408817635270315e-02 4.395799781861741730e-03
2.404809619238476581e-02 4.801499482273918588e-03
2.605210420841683194e-02 5.208229640406284409e-03
2.805611222444889460e-02 5.615994219612108034e-03
3.006012024048096073e-02 6.024797203858355682e-03
3.206412825651302340e-02 6.434642597862515537e-03
3.406813627254508953e-02 6.845534427230550757e-03
3.607214428857714872e-02 7.257476738595993078e-03
3.807615230460921485e-02 7.670473599760178722e-03
4.008016032064128098e-02 8.084529099833637905e-03
4.208416833667334017e-02 8.499647349378651809e-03
4.408817635270540630e-02 8.915832480553009115e-03
4.609218436873747243e-02 9.333088647254917866e-03
4.809619238476953162e-02 9.751420025269151581e-03
5.010020040080159776e-02 1.017083081241441402e-02
5.210420841683366389e-02 1.059132522869190782e-02
5.410821643286573002e-02 1.101290751643515912e-02
5.611222444889778921e-02 1.143558194046110331e-02
5.811623246492985534e-02 1.185935278822242145e-02
6.012024048096192147e-02 1.228422436996117265e-02
6.212424849699398066e-02 1.271020101886369269e-02
6.412825651302604679e-02 1.313728709121684927e-02
6.613226452905811292e-02 1.356548696656554275e-02
6.813627254509017905e-02 1.399480504787161718e-02
7.014028056112224518e-02 1.442524576167406557e-02
7.214428857715429744e-02 1.485681355825060369e-02
7.414829659318636357e-02 1.528951291178064741e-02
7.615230460921842970e-02 1.572334832050965511e-02
7.815631262525049583e-02 1.615832430691484592e-02
8.016032064128256196e-02 1.659444541787242697e-02
8.216432865731462809e-02 1.703171622482614264e-02
8.416833667334668034e-02 1.747014132395734512e-02
8.617234468937874647e-02 1.790972533635651689e-02
8.817635270541081260e-02 1.835047290819622617e-02
9.018036072144287874e-02 1.879238871090566781e-02
9.218436873747494487e-02 1.923547744134660245e-02
9.418837675350701100e-02 1.967974382199093666e-02
9.619238476953906325e-02 2.012519260109971522e-02
9.819639278557112938e-02 2.057182855290382723e-02
1.002004008016031955e-01 2.101965647778614860e-02
1.022044088176352616e-01 2.146868120246533951e-02
1.042084168336673278e-01 2.191890758018127244e-02
1.062124248496993939e-01 2.237034049088203885e-02
1.082164328657314600e-01 2.282298484141260728e-02
1.102204408817635123e-01 2.327684556570520230e-02
1.122244488977955784e-01 2.373192762497127947e-02
1.142284569138276445e-01 2.418823600789524533e-02
1.162324649298597107e-01 2.464577573082990525e-02
1.182364729458917768e-01 2.510455183799360085e-02
1.202404809619238429e-01 2.556456940166914812e-02
1.222444889779558952e-01 2.602583352240451717e-02
1.242484969939879613e-01 2.648834932921533686e-02
1.262525050100200275e-01 2.695212197978916896e-02
1.282565130260520936e-01 2.741715666069165572e-02
1.302605210420841597e-01 2.788345858757449933e-02
1.322645290581162258e-01 2.835103300538533572e-02
1.342685370741482920e-01 2.881988518857944367e-02
1.362725450901803581e-01 2.929002044133344890e-02
1.382765531062124242e-01 2.976144409776094318e-02
1.402805611222444904e-01 3.023416152213000141e-02
1.422845691382765287e-01 3.070817810908275242e-02
1.442885771543085949e-01 3.118349928385693789e-02
1.462925851703406610e-01 3.166013050250947314e-02
1.482965931863727271e-01 3.213807725214205130e-02
1.503006012024047933e-01 3.261734505112885707e-02
1.523046092184368594e-01 3.309793944934633775e-02
1.543086172344689255e-01 3.357986602840518087e-02
1.563126252505009917e-01 3.406313040188420349e-02
1.583166332665330578e-01 3.454773821556674646e-02
1.603206412825651239e-01 3.503369514767899068e-02
1.623246492985971901e-01 3.552100690913062575e-02
1.643286573146292562e-01 3.600967924375765572e-02
1.663326653306613223e-01 3.649971792856762653e-02
1.683366733466933607e-01 3.699112877398701149e-02
1.703406813627254268e-01 3.748391762411099060e-02
1.723446893787574929e-01 3.797809035695554752e-02
1.743486973947895591e-01 3.847365288471196743e-02
1.763527054108216252e-01 3.897061115400371478e-02
1.783567134268536913e-01 3.946897114614578150e-02
1.803607214428857575e-01 3.996873887740644976e-02
1.823647294589178236e-01 4.046992039927160140e-02
1.843687374749498897e-01 4.097252179871146982e-02
1.863727454909819559e-01 4.147654919845004257e-02
1.883767535070140220e-01 4.198200875723694103e-02
1.903807615230460881e-01 4.248890667012199945e-02
1.923847695390781265e-01 4.299724916873243902e-02
1.943887775551101926e-01 4.350704252155272733e-02
1.963927855711422588e-01 4.401829303420717876e-02
1.983967935871743249e-01 4.453100704974514296e-02
2.004008016032063910e-01 4.504519094892925346e-02
2.024048096192384572e-01 4.556085115052619511e-02
2.044088176352705233e-01 4.607799411160048292e-02
2.064128256513025894e-01 4.659662632781105124e-02
2.084168336673346555e-01 4.711675433371075028e-02
2.104208416833667217e-01 4.763838470304886108e-02
2.124248496993987878e-01 4.816152404907648316e-02
2.144288577154308539e-01 4.868617902485505855e-02
2.164328657314629201e-01 4.921235632356781020e-02
2.184368737474949584e-01 4.974006267883444854e-02
2.204408817635270246e-01 5.026930486502887568e-02
2.224448897795590907e-01 5.080008969760012316e-02
2.244488977955911568e-01 5.133242403339648152e-02
2.264529058116232230e-01 5.186631477099289816e-02
2.284569138276552891e-01 5.240176885102169196e-02
2.304609218436873552e-01 5.293879325650655693e-02
2.324649298597194214e-01 5.347739501319991734e-02
2.344689378757514875e-01 5.401758118992386337e-02
2.364729458917835536e-01 5.455935889891434104e-02
2.384769539078156197e-01 5.510273529616898508e-02
2.404809619238476859e-01 5.564771758179853228e-02
2.424849699398797520e-01 5.619431300038167654e-02
2.444889779559117904e-01 5.674252884132376801e-02
2.464929859719438565e-01 5.729237243921905809e-02
2.484969939879759226e-01 5.784385117421683015e-02
2.505010020040079888e-01 5.839697247239106909e-02
2.525050100200400549e-01 5.895174380611436366e-02
2.545090180360721210e-01 5.950817269443524349e-02
2.565130260521041872e-01 6.006626670345995012e-02
2.585170340681362533e-01 6.062603344673771211e-02
2.605210420841683194e-01 6.118748058565048192e-02
2.625250501002003856e-01 6.175061582980650304e-02
2.645290581162324517e-01 6.231544693743824859e-02
2.665330661322645178e-01 6.288198171580426654e-02
2.685370741482965840e-01 6.345022802159573649e-02
2.705410821643286501e-01 6.402019376134686357e-02
2.725450901803607162e-01 6.459188689185016430e-02
2.745490981963927823e-01 6.516531542057565907e-02
2.765531062124248485e-01 6.574048740609515773e-02
2.785571142284569146e-01 6.631741095851054202e-02
2.805611222444889807e-01 6.689609423988711334e-02
2.825651302605209914e-01 6.747654546469136760e-02
2.845691382765530575e-01 6.805877290023380766e-02
2.865731462925851236e-01 6.864278486711623828e-02
2.885771543086171897e-01 6.922858973968416818e-02
2.905811623246492559e-01 6.981619594648422189e-02
2.925851703406813220e-01 7.040561197072639499e-02
2.945891783567133881e-01 7.099684635075161065e-02
2.965931863727454543e-01 7.158990768050427222e-02
2.985971943887775204e-01 7.218480461001026971e-02
3.006012024048095865e-01 7.278154584586005171e-02
3.026052104208416527e-01 7.338014015169737336e-02
3.046092184368737188e-01 7.398059634871326229e-02
3.066132264529057849e-01 7.458292331614577164e-02
3.086172344689378511e-01 7.518712999178525647e-02
3.106212424849699172e-01 7.579322537248529834e-02
3.126252505010019833e-01 7.640121851467956970e-02
3.146292585170340494e-01 7.701111853490458237e-02
3.166332665330661156e-01 7.762293461032820918e-02
3.186372745490981817e-01 7.823667597928457562e-02
3.206412825651302478e-01 7.885235194181480778e-02
3.226452905811623140e-01 7.946997186021420578e-02
3.246492985971943801e-01 8.008954515958574549e-02
3.266533066132264462e-01 8.071108132839990845e-02
3.286573146292585124e-01 8.133458991906103441e-02
3.306613226452905785e-01 8.196008054848055724e-02
3.326653306613226446e-01 8.258756289865652744e-02
3.346693386773546552e-01 8.321704671726037894e-02
3.366733466933867214e-01 8.384854181823034325e-02
3.386773547094187875e-01 8.448205808237214953e-02
3.406813627254508536e-01 8.511760545796646926e-02
3.426853707414829198e-01 8.575519396138422956e-02
3.446893787575149859e-01 8.639483367770858790e-02
3.466933867735470520e-01 8.703653476136499756e-02
3.486973947895791182e-01 8.768030743675851724e-02
3.507014028056111843e-01 8.832616199891898945e-02
3.527054108216432504e-01 8.897410881415389328e-02
3.547094188376753165e-01 8.962415832070952382e-02
3.567134268537073827e-01 9.027632102943970727e-02
3.587174348697394488e-01 9.093060752448341166e-02
3.607214428857715149e-01 9.158702846394996266e-02
3.627254509018035811e-01 9.224559458061354356e-02
3.647294589178356472e-01 9.290631668261550846e-02
3.667334669338677133e-01 9.356920565417624347e-02
3.687374749498997795e-01 9.423427245631527116e-02
3.707414829659318456e-01 9.490152812758081979e-02
3.727454909819639117e-01 9.557098378478846856e-02
3.747494989979959779e-01 9.624265062376913260e-02
3.767535070140280440e-01 9.691653992012654040e-02
3.787575150300601101e-01 9.759266303000448117e-02
3.807615230460921762e-01 9.827103139086372507e-02
3.827655310621242424e-01 9.895165652226912967e-02
3.847695390781562530e-01 9.963455002668666904e-02
3.867735470941883191e-01 1.003197235902910933e-01
3.887775551102203853e-01 1.010071889837838299e-01
3.907815631262524514e-01 1.016969580632217512e-01
3.927855711422845175e-01 1.023890427708566836e-01
3.947895791583165837e-01 1.030834551359861989e-01
3.967935871743486498e-01 1.037802072758153005e-01
3.987975951903807159e-01 1.044793113963300296e-01
4.008016032064127820e-01 1.051807797931822996e-01
4.028056112224448482e-01 1.058846248525868311e-01
4.048096192384769143e-01 1.065908590522300636e-01
4.068136272545089804e-01 1.072994949621914329e-01
4.088176352705410466e-01 1.080105452458769988e-01
4.108216432865731127e-01 1.087240226609660215e-01
4.128256513026051788e-01 1.094399400603702499e-01
4.148296593186372450e-01 1.101583103932065183e-01
4.168336673346693111e-01 1.108791467057829161e-01
4.188376753507013772e-01 1.116024621425983077e-01
4.208416833667334433e-01 1.123282699473560770e-01
4.228456913827655095e-01 1.130565834639918332e-01
4.248496993987975756e-01 1.137874161377158411e-01
4.268537074148296417e-01 1.145207815160698417e-01
4.288577154308617079e-01 1.152566932499990843e-01
4.308617234468937740e-01 1.159951650949395952e-01
4.328657314629258401e-01 1.167362109119209346e-01
4.348697394789579063e-01 1.174798446686849129e-01
4.368737474949899169e-01 1.182260804408204052e-01
4.388777555110219830e-01 1.189749324129145830e-01
4.408817635270540491e-01 1.197264148797213823e-01
4.428857715430861153e-01 1.204805422473460563e-01
4.448897795591181814e-01 1.212373290344486015e-01
4.468937875751502475e-01 1.219967898734635597e-01
4.488977955911823137e-01 1.227589395118392629e-01
4.509018036072143798e-01 1.235237928132943974e-01
4.529058116232464459e-01 1.242913647590943860e-01
4.549098196392785121e-01 1.250616704493464904e-01
4.569138276553105782e-01 1.258347251043147041e-01
4.589178356713426443e-01 1.266105440657546710e-01
4.609218436873747105e-01 1.273891427982692670e-01
4.629258517034067766e-01 1.281705368906845000e-01
4.649298597194388427e-01 1.289547420574473358e-01
4.669338677354709088e-01 1.297417741400448687e-01
4.689378757515029750e-01 1.305316491084457520e-01
4.709418837675350411e-01 1.313243830625643316e-01
4.729458917835671072e-01 1.321199922337480126e-01
4.749498997995991734e-01 1.329184929862878006e-01
4.769539078156312395e-01 1.337199018189536570e-01
4.789579158316633056e-01 1.345242353665537516e-01
4.809619238476953718e-01 1.353315104015195836e-01
4.829659318637274379e-01 1.361417438355159992e-01
4.849699398797595040e-01 1.369549527210784101e-01
4.869739478957915702e-01 1.377711542532759625e-01
4.889779559118235808e-01 1.385903657714028514e-01
4.909819639278556469e-01 1.394126047606971119e-01
4.929859719438877130e-01 1.402378888540884716e-01
4.949899799599197792e-01 1.410662358339751510e-01
4.969939879759518453e-01 1.418976636340310293e-01
4.989979959919839114e-01 1.427321903410431192e-01
5.010020040080159776e-01 1.435698341967803215e-01
5.030060120240480437e-01 1.444106135998946272e-01
5.050100200400801098e-01 1.452545471078546535e-01
5.070140280561121759e-01 1.461016534389130150e-01
5.090180360721442421e-01 1.469519514741077781e-01
5.110220440881763082e-01 1.478054602592994149e-01
5.130260521042083743e-01 1.486621990072430621e-01
5.150300601202404405e-01 1.495221870996984448e-01
5.170340681362725066e-01 1.503854440895765754e-01
5.190380761523045727e-01 1.512519897031258664e-01
5.210420841683366389e-01 1.521218438421569896e-01
5.230460921843687050e-01 1.529950265863088410e-01
5.250501002004007711e-01 1.538715581953554734e-01
5.270541082164328373e-01 1.547514591115558558e-01
5.290581162324649034e-01 1.556347499620468755e-01
5.310621242484969695e-01 1.565214515612812218e-01
5.330661322645290356e-01 1.574115849135106493e-01
5.350701402805611018e-01 1.583051712153164259e-01
5.370741482965931679e-01 1.592022318581874929e-01
5.390781563126252340e-01 1.601027884311482796e-01
5.410821643286573002e-01 1.610068627234367278e-01
5.430861723446893663e-01 1.619144767272341912e-01
5.450901803607214324e-01 1.628256526404487647e-01
5.470941883767534986e-01 1.637404128695527650e-01
5.490981963927855647e-01 1.646587800324765538e-01
5.511022044088176308e-01 1.655807769615595948e-01
5.531062124248496970e-01 1.665064267065606840e-01
5.551102204408817631e-01 1.674357525377285216e-01
5.571142284569138292e-01 1.683687779489346503e-01
5.591182364729458953e-01 1.693055266608703147e-01
5.611222444889779615e-01 1.702460226243087682e-01
5.631262525050100276e-01 1.711902900234350544e-01
5.651302605210419827e-01 1.721383532792450655e-01
5.671342685370740488e-01 1.730902370530159329e-01
5.691382765531061150e-01 1.740459662498494986e-01
5.711422845691381811e-01 1.750055660222905596e-01
5.731462925851702472e-01 1.759690617740234941e-01
5.751503006012023134e-01 1.769364791636475753e-01
5.771543086172343795e-01 1.779078441085344131e-01
5.791583166332664456e-01 1.788831827887697457e-01
5.811623246492985118e-01 1.798625216511815783e-01
5.831663326653305779e-01 1.808458874134578620e-01
5.851703406813626440e-01 1.818333070683555153e-01
5.871743486973947102e-01 1.828248078880044258e-01
5.891783567134267763e-01 1.838204174283084580e-01
5.911823647294588424e-01 1.848201635334468518e-01
5.931863727454909085e-01 1.858240743404786788e-01
5.951903807615229747e-01 1.868321782840541012e-01
5.971943887775550408e-01 1.878445041012348216e-01
5.991983967935871069e-01 1.888610808364278026e-01
6.012024048096191731e-01 1.898819378464354224e-01
6.032064128256512392e-01 1.909071048056260045e-01
6.052104208416833053e-01 1.919366117112278336e-01
6.072144288577153715e-01 1.929704888887513459e-01
6.092184368737474376e-01 1.940087669975432139e-01
6.112224448897795037e-01 1.950514770364763506e-01
6.132264529058115698e-01 1.960986503497804401e-01
6.152304609218436360e-01 1.971503186330177126e-01
6.172344689378757021e-01 1.982065139392086284e-01
6.192384769539077682e-01 1.992672686851116315e-01
6.212424849699398344e-01 2.003326156576633599e-01
6.232464929859719005e-01 2.014025880205840557e-01
6.252505010020039666e-01 2.024772193211531457e-01
6.272545090180360328e-01 2.035565434971617349e-01
6.292585170340680989e-01 2.046405948840475941e-01
6.312625250501001650e-01 2.057294082222183573e-01
6.332665330661322312e-01 2.068230186645707847e-01
6.352705410821642973e-01 2.079214617842111978e-01
6.372745490981963634e-01 2.090247735823853037e-01
6.392785571142284295e-01 2.101329904966247608e-01
6.412825651302604957e-01 2.112461494091172620e-01
6.432865731462925618e-01 2.123642876553090142e-01
6.452905811623246279e-01 2.134874430327474981e-01
6.472945891783566941e-01 2.146156538101736122e-01
6.492985971943887602e-01 2.157489587368716377e-01
6.513026052104208263e-01 2.168873970522870454e-01
6.533066132264528925e-01 2.180310084959216632e-01
6.553106212424849586e-01 2.191798333175173086e-01
6.573146292585170247e-01 2.203339122875371536e-01
6.593186372745490909e-01 2.214932867079577039e-01
6.613226452905811570e-01 2.226579984233823251e-01
6.633266533066132231e-01 2.238280898324885304e-01
6.653306613226452892e-01 2.250036038998224075e-01
6.673346693386772444e-01 2.261845841679532565e-01
6.693386773547093105e-01 2.273710747700030121e-01
6.713426853707413766e-01 2.285631204425638552e-01
6.733466933867734427e-01 2.297607665390217491e-01
6.753507014028055089e-01 2.309640590432997798e-01
6.773547094188375750e-01 2.321730445840396451e-01
6.793587174348696411e-01 2.333877704492381966e-01
6.813627254509017073e-01 2.346082846013584355e-01
6.833667334669337734e-01 2.358346356929340859e-01
6.853707414829658395e-01 2.370668730826874238e-01
6.873747494989979057e-01 2.383050468521832332e-01
6.893787575150299718e-01 2.395492078230405664e-01
6.913827655310620379e-01 2.407994075747257046e-01
6.933867735470941041e-01 2.420556984629518293e-01
6.953907815631261702e-01 2.433181336387110483e-01
6.973947895791582363e-01 2.445867670679660599e-01
6.993987975951903024e-01 2.458616535520306845e-01
7.014028056112223686e-01 2.471428487486690140e-01
7.034068136272544347e-01 2.484304091939454340e-01
7.054108216432865008e-01 2.497243923248588793e-01
7.074148296593185670e-01 2.510248565027964895e-01
7.094188376753506331e-01 2.523318610378436078e-01
7.114228456913826992e-01 2.536454662139905336e-01
7.134268537074147654e-01 2.549657333152746674e-01
7.154308617234468315e-01 2.562927246529045355e-01
7.174348697394788976e-01 2.576265035934087733e-01
7.194388777555109638e-01 2.589671345878608033e-01
7.214428857715430299e-01 2.603146832022281143e-01
7.234468937875750960e-01 2.616692161489013180e-01
7.254509018036071621e-01 2.630308013194596062e-01
7.274549098196392283e-01 2.643995078187321712e-01
7.294589178356712944e-01 2.657754060002198160e-01
7.314629258517033605e-01 2.671585675029431450e-01
7.334669338677354267e-01 2.685490652897891684e-01
7.354709418837674928e-01 2.699469736874308690e-01
7.374749498997995589e-01 2.713523684278992820e-01
7.394789579158316251e-01 2.727653266918934061e-01
7.414829659318636912e-01 2.741859271539155984e-01
7.434869739478957573e-01 2.756142500293283226e-01
7.454909819639278235e-01 2.770503771234329449e-01
7.474949899799598896e-01 2.784943918826753295e-01
7.494989979959919557e-01 2.799463794480939738e-01
7.515030060120240218e-01 2.814064267111282547e-01
7.535070140280560880e-01 2.828746223719163511e-01
7.555110220440881541e-01 2.843510570002167892e-01
7.575150300601202202e-01 2.858358230991001614e-01
7.595190380761522864e-01 2.873290151715621188e-01
7.615230460921843525e-01 2.888307297902226733e-01
7.635270541082164186e-01 2.903410656702854475e-01
7.655310621242484848e-01 2.918601237459426678e-01
7.675350701402805509e-01 2.933880072504234104e-01
7.695390781563125060e-01 2.949248217998956534e-01
7.715430861723445721e-01 2.964706754814498413e-01
7.735470941883766383e-01 2.980256789454007738e-01
7.755511022044087044e-01 2.995899455021683311e-01
7.775551102204407705e-01 3.011635912240104296e-01
7.795591182364728366e-01 3.027467350519019162e-01
7.815631262525049028e-01 3.043394989078753721e-01
7.835671342685369689e-01 3.059420078131604437e-01
7.855711422845690350e-01 3.075543900124824703e-01
7.875751503006011012e-01 3.091767771049088176e-01
7.895791583166331673e-01 3.108093041816592517e-01
7.915831663326652334e-01 3.124521099713238881e-01
7.935871743486972996e-01 3.141053369929732164e-01
7.955911823647293657e-01 3.157691317176710144e-01
7.975951903807614318e-01 3.174436447389485938e-01
7.995991983967934980e-01 3.191290309528363456e-01
8.016032064128255641e-01 3.208254497480953482e-01
8.036072144288576302e-01 3.225330652073453153e-01
8.056112224448896963e-01 3.242520463198344527e-01
8.076152304609217625e-01 3.259825672066616331e-01
8.096192384769538286e-01 3.277248073593240774e-01
8.116232464929858947e-01 3.294789518925324567e-01
8.136272545090179609e-01 3.312451918123189842e-01
8.156312625250500270e-01 3.330237243005415571e-01
8.176352705410820931e-01 3.348147530169860442e-01
8.196392785571141593e-01 3.366184884203664573e-01
8.216432865731462254e-01 3.384351481096364300e-01
8.236472945891782915e-01 3.402649571871466105e-01
8.256513026052103577e-01 3.421081486453180776e-01
8.276553106212424238e-01 3.439649637786488801e-01
8.296593186372744899e-01 3.458356526230336736e-01
8.316633266533065560e-01 3.477204744245563917e-01
8.336673346693386222e-01 3.496196981401134551e-01
8.356713426853706883e-01 3.515336029724429601e-01
8.376753507014027544e-01 3.534624789423770896e-01
8.396793587174348206e-01 3.554066275014044485e-01
8.416833667334668867e-01 3.573663621879205055e-01
8.436873747494989528e-01 3.593420093308786201e-01
8.456913827655310190e-01 3.613339088049143388e-01
8.476953907815630851e-01 3.633424148414268751e-01
8.496993987975951512e-01 3.653678969005458854e-01
8.517034068136272174e-01 3.674107406094266337e-01
8.537074148296592835e-01 3.694713487728681911e-01
8.557114228456913496e-01 3.715501424628881444e-01
8.577154308617234157e-01 3.736475621945838932e-01
8.597194388777554819e-01 3.757640691964074797e-01
8.617234468937875480e-01 3.779001467838618011e-01
8.637274549098196141e-01 3.800563018466288079e-01
8.657314629258516803e-01 3.822330664602586192e-01
8.677354709418837464e-01 3.844309996348201919e-01
8.697394789579158125e-01 3.866506892143429241e-01
8.717434869739478787e-01 3.888927539425026669e-01
8.737474949899798338e-01 3.911578457118383145e-01
8.757515030060118999e-01 3.934466520158792502e-01
8.777555110220439660e-01 3.957598986259314722e-01
8.797595190380760322e-01 3.980983525169862203e-01
8.817635270541080983e-01 4.004628250703003989e-01
8.837675350701401644e-01 4.028541755837443117e-01
8.857715430861722306e-01 4.052733151250695331e-01
8.877755511022042967e-01 4.077212107679177855e-01
8.897795591182363628e-01 4.101988902557677785e-01
8.917835671342684289e-01 4.127074471452225612e-01
8.937875751503004951e-01 4.152480464872234101e-01
8.957915831663325612e-01 4.178219311131051716e-01
8.977955911823646273e-01 4.204304286020990600e-01
8.997995991983966935e-01 4.230749590181802633e-01
9.018036072144287596e-01 4.257570435173653745e-01
9.038076152304608257e-01 4.284783139420411113e-01
9.058116232464928919e-01 4.312405235371007950e-01
9.078156312625249580e-01 4.340455589441237216e-01
9.098196392785570241e-01 4.368954536552026036e-01
9.118236472945890903e-01 4.397924031381371668e-01
9.138276553106211564e-01 4.427387818805513242e-01
9.158316633266532225e-01 4.457371626433083156e-01
9.178356713426852886e-01 4.487903382649315320e-01
9.198396793587173548e-01 4.519013464205077768e-01
9.218436873747494209e-01 4.550734978131744657e-01
9.238476953907814870e-01 4.583104083668116946e-01
9.258517034068135532e-01 4.616160360988253442e-01
9.278557114228456193e-01 4.649947234868279655e-01
9.298597194388776854e-01 4.684512463088764123e-01
9.318637274549097516e-01 4.719908701418003005e-01
9.338677354709418177e-01 4.756194159565219071e-01
9.358717434869738838e-01 4.793433365667850721e-01
9.378757515030059499e-01 4.831698060862796851e-01
9.398797595190380161e-01 4.871068250524462351e-01
9.418837675350700822e-01 4.911633445147540744e-01
9.438877755511021483e-01 4.953494132031975861e-01
9.458917835671342145e-01 4.996763529462542319e-01
9.478957915831662806e-01 5.041569688744321764e-01
9.498997995991983467e-01 5.088058027329575017e-01
9.519038076152304129e-01 5.136394399839130376e-01
9.539078156312624790e-01 5.186768845132013750e-01
9.559118236472945451e-01 5.239400189674406905e-01
9.579158316633266113e-01 5.294541744559396745e-01
9.599198396793586774e-01 5.352488411817388769e-01
9.619238476953907435e-01 5.413585624245776939e-01
9.639278557114228096e-01 5.478240695490517176e-01
9.659318637274548758e-01 5.546937374194345072e-01
9.679358717434869419e-01 5.620254709570211560e-01
9.699398797595190080e-01 5.698891795863817444e-01
9.719438877755510742e-01 5.783700650126114562e-01
9.739478957915831403e-01 5.875730523002651307e-01
9.759519038076150954e-01 5.976288566318083140e-01
9.779559118236471615e-01 6.087024363522626214e-01
9.799599198396792277e-01 6.210050041816955746e-01
9.819639278557112938e-01 6.348114758149200343e-01
9.839679358717433599e-01 6.504864619725159169e-01
9.859719438877754261e-01 6.685241179390980504e-01
9.879759519038074922e-01 6.896113105473943294e-01
9.899799599198395583e-01 7.147317406167348341e-01
9.919839679358716245e-01 7.453457540911480050e-01
9.939879759519036906e-01 7.837188803322017172e-01
9.959919839679357567e-01 8.335655654617381005e-01
9.979959919839678228e-01 9.014280409315997833e-01
1.000000000000000000e+00 1.000000000000000000e+00
