### Best fit curve (Skeist high-conversion)
### f0   X_conv   F_cum_model
5.000000000000000278e-02 4.000000000000000083e-02 4.064800540403914475e-01
5.000000000000000278e-02 9.299999999999999933e-02 3.766803371898959640e-01
5.000000000000000278e-02 2.089999999999999913e-01 2.385921805698941744e-01
5.000000000000000278e-02 1.950000000000000067e-01 2.550003671030685592e-01
5.000000000000000278e-02 2.790000000000000258e-01 1.789054020623200569e-01
5.000000000000000278e-02 4.339999999999999969e-01 1.150815105429292967e-01
1.000000000000000056e-01 1.000000000000000056e-01 4.532755611502848891e-01
1.000000000000000056e-01 1.819999999999999951e-01 4.316419477428233287e-01
1.000000000000000056e-01 1.940000000000000058e-01 4.265450596096681535e-01
1.000000000000000056e-01 3.009999999999999898e-01 3.316091895072980078e-01
1.000000000000000056e-01 3.890000000000000124e-01 2.566932709827642323e-01
1.000000000000000056e-01 4.739999999999999769e-01 2.107198385458435574e-01
2.999999999999999889e-01 1.089999999999999997e-01 5.242490007920515005e-01
2.999999999999999889e-01 1.680000000000000104e-01 5.223965966966781505e-01
2.999999999999999889e-01 2.010000000000000120e-01 5.212850440683234332e-01
2.999999999999999889e-01 3.830000000000000071e-01 5.137043729001282699e-01
2.999999999999999889e-01 4.560000000000000164e-01 5.094331143758864533e-01
2.999999999999999889e-01 7.309999999999999831e-01 4.101298156347639168e-01
6.999999999999999556e-01 6.800000000000000488e-02 6.577437518674096317e-01
6.999999999999999556e-01 1.859999999999999987e-01 6.592978475244223313e-01
6.999999999999999556e-01 2.740000000000000213e-01 6.606216260155807207e-01
6.999999999999999556e-01 3.320000000000000173e-01 6.615881422670770728e-01
6.999999999999999556e-01 4.819999999999999840e-01 6.645538357854150480e-01
6.999999999999999556e-01 5.769999999999999574e-01 6.669179489280658846e-01
6.999999999999999556e-01 7.389999999999999902e-01 6.724832320560590881e-01
9.000000000000000222e-01 1.300000000000000044e-01 8.279192848191383458e-01
9.000000000000000222e-01 2.730000000000000204e-01 8.364590574125317923e-01
9.000000000000000222e-01 4.299999999999999933e-01 8.471558349130451360e-01
9.000000000000000222e-01 5.849999999999999645e-01 8.593411429123829492e-01
9.000000000000000222e-01 7.099999999999999645e-01 8.705041350703417447e-01
9.000000000000000222e-01 8.199999999999999512e-01 8.813119531718233146e-01
